
[5, 162, 5, 2]
132514 [162, 5, 2] [97, 157, 43, 211, 109, 167]

[5, 15, 49, 204]
13381903 [15, 49, 204] [3, 251, 181, 199, 173, 149]

[5, 138, 54, 82]
5387914 [138, 54, 82] [43, 211, 179, 151, 227, 29]

[5, 132, 158, 47]
3120772 [132, 158, 47] [73, 149, 223, 3, 251, 5]

[6, 13, 205, 5]
380173 [13, 205, 5] [197, 59, 131, 101, 73, 71, 13]

[6, 253, 139, 223]
14650365 [253, 139, 223] [41, 7, 23, 89, 163, 83, 11]

[6, 141, 138, 97]
6392461 [141, 138, 97] [193, 131, 139, 2, 3, 251, 5]

[7, 201, 53, 55]
3618249 [201, 53, 55] [3, 251, 5, 103, 109, 227, 29, 193]

[7, 203, 111, 243]
15953867 [203, 111, 243] [151, 113, 101, 127, 107, 163, 229, 43]